0.000571
0.000372
0.000278
0.000208
0.000188
0.000176
0.000165
0.000147
0.000140
0.000141
0.000143
0.000148
0.000155
0.000162
0.000170
0.000177
0.000184
0.000188
0.000190
0.000191
0.000192
0.000194
0.000197
0.000201
0.000207
0.000214
0.000223
0.000235
0.000248
0.000264
0.000307
0.000350
0.000394
0.000435
0.000475
0.000514
0.000554
0.000598
0.000648
0.000706
0.000774
0.000852
0.000937
0.001029
0.001124
0.001223
0.001326
0.001434
0.001550
0.002344
0.002459
0.002647
0.002895
0.003190
0.003531
0.003925
0.004385
0.004921
0.005531
0.006200
0.006919
0.007689
0.008509
0.009395
0.010364
0.011413
0.012540
0.013771
0.015153
0.016742
0.018579
0.020665
0.022970
0.025458
0.028106
0.030966
0.034105
0.037595
0.041506
0.045879
0.050780
0.056294
0.062506
0.069517
0.077446
0.086376
0.096337
0.107303
0.119154
0.131682
0.144604
0.157618
0.170433
0.182799
0.194509
0.205379
0.215240
0.223947
0.231387
0.237467
0.244834
0.254498
0.266044
0.279055
0.293116
0.307811
0.322725
0.337441
0.351544
0.364617
0.376246
0.386015
0.393507
0.398308
0.400000
0.400000
0.400000
0.400000
0.400000
1.000000