0.000637
0.000430
0.000357
0.000278
0.000255
0.000244
0.000234
0.000216
0.000209
0.000212
0.000219
0.000228
0.000240
0.000254
0.000269
0.000284
0.000301
0.000316
0.000331
0.000345
0.000357
0.000366
0.000373
0.000376
0.000376
0.000378
0.000382
0.000393
0.000412
0.000444
0.000499
0.000562
0.000631
0.000702
0.000773
0.000841
0.000904
0.000964
0.001021
0.001079
0.001142
0.001215
0.001299
0.001397
0.001508
0.001616
0.001734
0.001860
0.001995
0.005347
0.005528
0.005644
0.005722
0.005797
0.005905
0.006124
0.006444
0.006895
0.007485
0.008196
0.009001
0.009915
0.010951
0.012117
0.013419
0.014868
0.016460
0.018200
0.020105
0.022206
0.024570
0.027281
0.030387
0.033900
0.037834
0.042169
0.046906
0.052123
0.057927
0.064368
0.072041
0.080486
0.089718
0.099779
0.110757
0.122797
0.136043
0.150590
0.166420
0.183408
0.199769
0.216605
0.233662
0.250693
0.267491
0.283905
0.299852
0.315296
0.330207
0.344556
0.358628
0.371685
0.383040
0.392003
0.397886
0.400000
0.400000
0.400000
0.400000
0.400000
0.400000
0.400000
0.400000
0.400000
0.400000
0.400000
0.400000
0.400000
0.400000
1.000000